00416	2007-01-06T03:19:13+00:00	37.761101	-122.389542
00416	2007-01-06T03:19:17+00:00	37.761473	-122.389570
00416	2007-01-06T03:19:21+00:00	37.761636	-122.389600
00416	2007-01-06T03:19:25+00:00	37.761706	-122.389793
00416	2007-01-06T03:19:29+00:00	37.761712	-122.390119
00416	2007-01-06T03:19:33+00:00	37.761693	-122.390394
00416	2007-01-06T03:19:37+00:00	37.761692	-122.390515
00416	2007-01-06T03:19:41+00:00	37.761673	-122.390696
00416	2007-01-06T03:19:45+00:00	37.761636	-122.391020
00416	2007-01-06T03:19:49+00:00	37.761582	-122.391320
00416	2007-01-06T03:19:53+00:00	37.761573	-122.391450
00416	2007-01-06T03:19:57+00:00	37.761580	-122.391520
00416	2007-01-06T03:20:01+00:00	37.761428	-122.391578
00416	2007-01-06T03:20:05+00:00	37.761177	-122.391581
00416	2007-01-06T03:20:09+00:00	37.761007	-122.391568
00416	2007-01-06T03:20:13+00:00	37.760913	-122.391536
00416	2007-01-06T03:20:17+00:00	37.760768	-122.391503
00416	2007-01-06T03:20:21+00:00	37.760565	-122.391475
00416	2007-01-06T03:20:25+00:00	37.760466	-122.391481
00416	2007-01-06T03:20:29+00:00	37.760397	-122.391490
00416	2007-01-06T03:20:33+00:00	37.760354	-122.391482
00416	2007-01-06T03:20:41+00:00	37.760368	-122.391398
00417	2007-01-07T09:16:14+00:00	37.751737	-122.427439
00417	2007-01-07T09:16:22+00:00	37.751774	-122.426545
00417	2007-01-07T09:16:30+00:00	37.751819	-122.425638
00417	2007-01-07T09:16:58+00:00	37.751868	-122.424757
00417	2007-01-07T09:17:10+00:00	37.751917	-122.423855
00417	2007-01-07T09:17:18+00:00	37.751990	-122.422988
00417	2007-01-07T09:17:26+00:00	37.752715	-122.422921
00417	2007-01-07T09:17:34+00:00	37.753441	-122.423033
00417	2007-01-07T09:17:42+00:00	37.754224	-122.423136
00417	2007-01-07T09:17:50+00:00	37.754958	-122.423212
00417	2007-01-07T09:18:06+00:00	37.755653	-122.423256
00417	2007-01-07T09:18:10+00:00	37.756419	-122.423302
00417	2007-01-07T09:18:22+00:00	37.757170	-122.423387
00417	2007-01-07T09:18:30+00:00	37.757872	-122.423499
00417	2007-01-07T09:19:06+00:00	37.758568	-122.423545
00417	2007-01-07T09:19:18+00:00	37.759282	-122.423589
00417	2007-01-07T09:19:26+00:00	37.759970	-122.423692
00417	2007-01-07T09:19:34+00:00	37.760707	-122.423789
00417	2007-01-07T09:19:42+00:00	37.761475	-122.423874
00417	2007-01-07T09:19:46+00:00	37.762196	-122.423965
00417	2007-01-07T09:19:54+00:00	37.762892	-122.424004
00417	2007-01-07T09:19:58+00:00	37.763629	-122.424053
00417	2007-01-07T09:20:06+00:00	37.764344	-122.424130
00417	2007-01-07T09:20:46+00:00	37.765079	-122.424201
00417	2007-01-07T09:20:54+00:00	37.765774	-122.424302
00417	2007-01-07T09:21:02+00:00	37.766458	-122.424373
00417	2007-01-07T09:21:06+00:00	37.767200	-122.424434
00417	2007-01-07T09:21:14+00:00	37.767941	-122.424503
00417	2007-01-07T09:21:18+00:00	37.768618	-122.424552
00417	2007-01-07T09:21:26+00:00	37.769380	-122.424597
00417	2007-01-07T09:21:38+00:00	37.770128	-122.424645
00417	2007-01-07T09:21:50+00:00	37.770807	-122.424690
00417	2007-01-07T09:21:58+00:00	37.771379	-122.424040
00417	2007-01-07T09:22:50+00:00	37.771884	-122.423409
00417	2007-01-07T09:22:58+00:00	37.772408	-122.422761
00417	2007-01-07T09:23:06+00:00	37.772926	-122.422134
00417	2007-01-07T09:24:02+00:00	37.773426	-122.421520
00417	2007-01-07T09:24:10+00:00	37.773950	-122.420842
00417	2007-01-07T09:24:22+00:00	37.774663	-122.420875
00417	2007-01-07T09:24:26+00:00	37.775397	-122.420998
00417	2007-01-07T09:24:34+00:00	37.776157	-122.421149
00417	2007-01-07T09:24:42+00:00	37.776923	-122.421321
00417	2007-01-07T09:24:46+00:00	37.777608	-122.421450
00417	2007-01-07T09:24:54+00:00	37.778328	-122.421596
00417	2007-01-07T09:24:58+00:00	37.779076	-122.421702
00417	2007-01-07T09:25:06+00:00	37.779802	-122.421901
00417	2007-01-07T09:25:10+00:00	37.780598	-122.422016
00417	2007-01-07T09:25:18+00:00	37.781366	-122.422147
00417	2007-01-07T09:25:22+00:00	37.782096	-122.422276
00417	2007-01-07T09:25:30+00:00	37.782857	-122.422412
00417	2007-01-07T09:25:38+00:00	37.783578	-122.422520
00417	2007-01-07T09:25:42+00:00	37.784357	-122.422676
00417	2007-01-07T09:25:50+00:00	37.785133	-122.422804
00417	2007-01-07T09:25:58+00:00	37.785875	-122.422964
00417	2007-01-07T09:26:02+00:00	37.786653	-122.423110
00417	2007-01-07T09:26:10+00:00	37.787390	-122.423234
00417	2007-01-07T09:26:14+00:00	37.788061	-122.423377
00417	2007-01-07T09:26:22+00:00	37.788742	-122.423546
00417	2007-01-07T09:26:26+00:00	37.789438	-122.423677
00417	2007-01-07T09:26:34+00:00	37.790174	-122.423801
00417	2007-01-07T09:26:42+00:00	37.790895	-122.423906
00418	2007-01-07T04:09:19+00:00	37.779364	-122.433542
00418	2007-01-07T04:09:23+00:00	37.780101	-122.433675
00418	2007-01-07T04:09:39+00:00	37.780800	-122.433716
00418	2007-01-07T04:10:11+00:00	37.781514	-122.433917
00418	2007-01-07T04:10:23+00:00	37.782195	-122.434085
00418	2007-01-07T04:10:39+00:00	37.782869	-122.434218
00418	2007-01-07T04:10:51+00:00	37.783547	-122.434382
00418	2007-01-07T04:11:07+00:00	37.784265	-122.434532
00418	2007-01-07T04:11:39+00:00	37.784980	-122.434717
00418	2007-01-07T04:11:47+00:00	37.785683	-122.434737
00418	2007-01-07T04:12:03+00:00	37.786383	-122.434853
00418	2007-01-07T04:12:19+00:00	37.787079	-122.434901
00418	2007-01-07T04:12:35+00:00	37.787774	-122.435120
00418	2007-01-07T04:12:51+00:00	37.788454	-122.435256
00418	2007-01-07T04:13:19+00:00	37.788675	-122.436115
00418	2007-01-07T04:13:27+00:00	37.788554	-122.437023
00418	2007-01-07T04:13:35+00:00	37.788454	-122.437883
00418	2007-01-07T04:13:55+00:00	37.788353	-122.438730
00418	2007-01-07T04:14:03+00:00	37.788264	-122.439631
00418	2007-01-07T04:14:31+00:00	37.788075	-122.440476
00418	2007-01-07T04:14:39+00:00	37.787981	-122.441365
00418	2007-01-07T04:14:43+00:00	37.787871	-122.442251
00419	2007-01-04T00:39:10+00:00	37.789615	-122.421741
00419	2007-01-04T00:39:14+00:00	37.789588	-122.422177
00419	2007-01-04T00:39:18+00:00	37.789563	-122.422683
00419	2007-01-04T00:39:22+00:00	37.789569	-122.423191
00419	2007-01-04T00:39:26+00:00	37.789547	-122.423729
00419	2007-01-04T00:39:30+00:00	37.789431	-122.424323
00419	2007-01-04T00:39:34+00:00	37.789292	-122.424874
00419	2007-01-04T00:39:38+00:00	37.789201	-122.425317
00419	2007-01-04T00:39:42+00:00	37.789129	-122.425793
00419	2007-01-04T00:39:46+00:00	37.789043	-122.426341
00419	2007-01-04T00:39:50+00:00	37.788953	-122.426817
00419	2007-01-04T00:39:54+00:00	37.788916	-122.427132
00419	2007-01-04T00:39:58+00:00	37.788853	-122.427683
00419	2007-01-04T00:40:02+00:00	37.788742	-122.428427
00419	2007-01-04T00:40:06+00:00	37.788624	-122.429103
00419	2007-01-04T00:40:10+00:00	37.788524	-122.429776
00419	2007-01-04T00:40:14+00:00	37.788427	-122.430457
00419	2007-01-04T00:40:18+00:00	37.788349	-122.430965
00419	2007-01-04T00:40:22+00:00	37.788292	-122.431498
00419	2007-01-04T00:40:26+00:00	37.788231	-122.431976
00419	2007-01-04T00:40:30+00:00	37.788172	-122.432411
00419	2007-01-04T00:40:34+00:00	37.788091	-122.433002
00419	2007-01-04T00:40:38+00:00	37.788006	-122.433487
00419	2007-01-04T00:40:42+00:00	37.787951	-122.433962
00419	2007-01-04T00:40:46+00:00	37.787875	-122.434497
00419	2007-01-04T00:40:50+00:00	37.787792	-122.435015
00419	2007-01-04T00:40:54+00:00	37.787749	-122.435302
00419	2007-01-04T00:40:58+00:00	37.787700	-122.435765
00419	2007-01-04T00:41:02+00:00	37.787642	-122.436407
00419	2007-01-04T00:41:06+00:00	37.787615	-122.436680
00419	2007-01-04T00:41:10+00:00	37.787605	-122.436754
00419	2007-01-04T00:41:18+00:00	37.787591	-122.436843
00419	2007-01-04T00:41:38+00:00	37.787587	-122.437132
00419	2007-01-04T00:41:42+00:00	37.787557	-122.437715
00419	2007-01-04T00:41:46+00:00	37.787475	-122.438356
00419	2007-01-04T00:41:50+00:00	37.787378	-122.439017
00419	2007-01-04T00:41:54+00:00	37.787298	-122.439683
00419	2007-01-04T00:41:58+00:00	37.787233	-122.440143
00419	2007-01-04T00:42:02+00:00	37.787152	-122.440654
00419	2007-01-04T00:42:06+00:00	37.787062	-122.441252
00419	2007-01-04T00:42:10+00:00	37.787024	-122.441637
00419	2007-01-04T00:42:14+00:00	37.786981	-122.441950
00419	2007-01-04T00:42:18+00:00	37.786926	-122.442440
00419	2007-01-04T00:42:22+00:00	37.786861	-122.442971
00420	2007-01-07T10:36:12+00:00	37.748150	-122.418940
00420	2007-01-07T10:36:16+00:00	37.748147	-122.418540
00420	2007-01-07T10:36:20+00:00	37.748145	-122.418470
00420	2007-01-07T10:36:40+00:00	37.748143	-122.418439
00420	2007-01-07T10:36:44+00:00	37.748164	-122.418136
00420	2007-01-07T10:36:48+00:00	37.748203	-122.417539
00420	2007-01-07T10:36:52+00:00	37.748238	-122.416866
00420	2007-01-07T10:36:56+00:00	37.748243	-122.416356
00420	2007-01-07T10:37:00+00:00	37.748243	-122.416112
00420	2007-01-07T10:37:04+00:00	37.748242	-122.416094
00420	2007-01-07T10:37:24+00:00	37.748224	-122.416036
00420	2007-01-07T10:37:28+00:00	37.748233	-122.415748
00420	2007-01-07T10:37:32+00:00	37.748247	-122.415238
00420	2007-01-07T10:37:36+00:00	37.748245	-122.414675
00420	2007-01-07T10:37:40+00:00	37.748257	-122.414030
00420	2007-01-07T10:37:44+00:00	37.748262	-122.413324
00420	2007-01-07T10:37:48+00:00	37.748272	-122.412679
00420	2007-01-07T10:37:52+00:00	37.748284	-122.412278
00420	2007-01-07T10:37:56+00:00	37.748289	-122.412211
00420	2007-01-07T10:38:00+00:00	37.748289	-122.412182
00420	2007-01-07T10:38:04+00:00	37.748286	-122.412030
00420	2007-01-07T10:38:08+00:00	37.748296	-122.411643
00420	2007-01-07T10:38:12+00:00	37.748311	-122.411090
00420	2007-01-07T10:38:16+00:00	37.748318	-122.410480
00420	2007-01-07T10:38:20+00:00	37.748331	-122.409820
00420	2007-01-07T10:38:24+00:00	37.748342	-122.409161
00420	2007-01-07T10:38:28+00:00	37.748342	-122.408520
00420	2007-01-07T10:38:32+00:00	37.748373	-122.407891
00420	2007-01-07T10:38:36+00:00	37.748573	-122.407286
00420	2007-01-07T10:38:40+00:00	37.748797	-122.406657
00420	2007-01-07T10:38:44+00:00	37.748975	-122.405985
00420	2007-01-07T10:38:48+00:00	37.749104	-122.405203
00420	2007-01-07T10:38:52+00:00	37.749265	-122.404302
00420	2007-01-07T10:38:56+00:00	37.749421	-122.403444
00420	2007-01-07T10:39:00+00:00	37.749479	-122.402754
00420	2007-01-07T10:39:04+00:00	37.749458	-122.402125
00420	2007-01-07T10:39:08+00:00	37.749465	-122.401457
00420	2007-01-07T10:39:12+00:00	37.749507	-122.400720
00420	2007-01-07T10:39:16+00:00	37.749535	-122.400013
00420	2007-01-07T10:39:20+00:00	37.749565	-122.399295
00420	2007-01-07T10:39:24+00:00	37.749605	-122.398536
00420	2007-01-07T10:39:28+00:00	37.749655	-122.397777
00420	2007-01-07T10:39:32+00:00	37.749703	-122.397043
00420	2007-01-07T10:39:36+00:00	37.749759	-122.396227
00420	2007-01-07T10:39:40+00:00	37.749832	-122.395392
00420	2007-01-07T10:39:44+00:00	37.749889	-122.394569
00420	2007-01-07T10:39:48+00:00	37.749926	-122.393745
00420	2007-01-07T10:39:52+00:00	37.749970	-122.392997
00420	2007-01-07T10:39:56+00:00	37.750023	-122.392373
00420	2007-01-07T10:40:00+00:00	37.750104	-122.391712
00420	2007-01-07T10:40:04+00:00	37.750138	-122.391016
00420	2007-01-07T10:40:08+00:00	37.750171	-122.390538
00420	2007-01-07T10:40:12+00:00	37.750441	-122.390428
00420	2007-01-07T10:40:16+00:00	37.750898	-122.390472
00420	2007-01-07T10:40:20+00:00	37.751459	-122.390555
00420	2007-01-07T10:40:24+00:00	37.752040	-122.390626
00420	2007-01-07T10:40:28+00:00	37.752440	-122.390678
00421	2007-01-07T01:37:52+00:00	37.784182	-122.478386
00421	2007-01-07T01:37:56+00:00	37.784213	-122.477908
00421	2007-01-07T01:38:00+00:00	37.784237	-122.477381
00421	2007-01-07T01:38:04+00:00	37.784259	-122.476899
00421	2007-01-07T01:38:08+00:00	37.784267	-122.476602
00421	2007-01-07T01:38:12+00:00	37.784275	-122.476482
00421	2007-01-07T01:38:16+00:00	37.784292	-122.476167
00421	2007-01-07T01:38:20+00:00	37.784319	-122.475701
00421	2007-01-07T01:38:24+00:00	37.784342	-122.475181
00421	2007-01-07T01:38:28+00:00	37.784365	-122.474695
00421	2007-01-07T01:38:32+00:00	37.784386	-122.474259
00421	2007-01-07T01:38:36+00:00	37.784401	-122.473900
00421	2007-01-07T01:38:40+00:00	37.784407	-122.473687
00421	2007-01-07T01:38:44+00:00	37.784407	-122.473663
00421	2007-01-07T01:38:52+00:00	37.784410	-122.473597
00421	2007-01-07T01:38:56+00:00	37.784428	-122.473396
00421	2007-01-07T01:39:00+00:00	37.784449	-122.473120
00421	2007-01-07T01:39:04+00:00	37.784477	-122.472820
00421	2007-01-07T01:39:08+00:00	37.784618	-122.472622
00421	2007-01-07T01:39:12+00:00	37.784917	-122.472554
00421	2007-01-07T01:39:16+00:00	37.785341	-122.472564
00421	2007-01-07T01:39:20+00:00	37.785868	-122.472589
00421	2007-01-07T01:39:24+00:00	37.786468	-122.472540
00421	2007-01-07T01:39:28+00:00	37.787109	-122.472389
00421	2007-01-07T01:39:32+00:00	37.787766	-122.472149
00421	2007-01-07T01:39:36+00:00	37.788391	-122.471807
00421	2007-01-07T01:39:40+00:00	37.788975	-122.471363
00421	2007-01-07T01:39:44+00:00	37.789541	-122.470926
00421	2007-01-07T01:39:48+00:00	37.790094	-122.470524
00421	2007-01-07T01:39:52+00:00	37.790620	-122.470152
00421	2007-01-07T01:39:56+00:00	37.791147	-122.469845
00421	2007-01-07T01:40:00+00:00	37.791740	-122.469638
00421	2007-01-07T01:40:04+00:00	37.792400	-122.469542
00421	2007-01-07T01:40:08+00:00	37.793063	-122.469488
00421	2007-01-07T01:40:12+00:00	37.793713	-122.469418
00421	2007-01-07T01:40:32+00:00	37.796841	-122.469641
00421	2007-01-07T01:40:36+00:00	37.797424	-122.469639
00421	2007-01-07T01:40:40+00:00	37.798154	-122.469515
00421	2007-01-07T01:40:44+00:00	37.798827	-122.469489
00421	2007-01-07T01:40:48+00:00	37.799463	-122.469457
00421	2007-01-07T01:40:52+00:00	37.800078	-122.469403
00421	2007-01-07T01:40:56+00:00	37.800751	-122.469367
00421	2007-01-07T01:41:00+00:00	37.801422	-122.469365
00421	2007-01-07T01:41:04+00:00	37.802048	-122.469440
00421	2007-01-07T01:41:08+00:00	37.802630	-122.469504
00421	2007-01-07T01:41:12+00:00	37.803193	-122.469479
00421	2007-01-07T01:41:16+00:00	37.803689	-122.469600
00421	2007-01-07T01:41:20+00:00	37.804017	-122.469976
00421	2007-01-07T01:41:24+00:00	37.804247	-122.470479
00421	2007-01-07T01:41:28+00:00	37.804342	-122.470885
00421	2007-01-07T01:41:32+00:00	37.804417	-122.471289
00421	2007-01-07T01:41:36+00:00	37.804511	-122.471774
00421	2007-01-07T01:41:40+00:00	37.804627	-122.472280
00421	2007-01-07T01:41:44+00:00	37.804839	-122.472754
00421	2007-01-07T01:41:48+00:00	37.805186	-122.473170
00421	2007-01-07T01:41:52+00:00	37.805555	-122.473563
00421	2007-01-07T01:41:56+00:00	37.805936	-122.473959
00421	2007-01-07T01:42:00+00:00	37.806332	-122.474354
00421	2007-01-07T01:42:04+00:00	37.806660	-122.474622
00421	2007-01-07T01:42:08+00:00	37.806892	-122.474555
00421	2007-01-07T01:42:12+00:00	37.806975	-122.474432
00421	2007-01-07T01:42:16+00:00	37.807037	-122.474261
00421	2007-01-07T01:42:20+00:00	37.807076	-122.474061
00421	2007-01-07T01:42:24+00:00	37.807041	-122.473867
00421	2007-01-07T01:42:28+00:00	37.806910	-122.473702
00421	2007-01-07T01:42:32+00:00	37.806781	-122.473670
00421	2007-01-07T01:42:36+00:00	37.806690	-122.473763
00421	2007-01-07T01:42:40+00:00	37.806607	-122.473992
00421	2007-01-07T01:42:44+00:00	37.806433	-122.474313
00421	2007-01-07T01:42:48+00:00	37.806133	-122.474633
00421	2007-01-07T01:42:52+00:00	37.805657	-122.475142
00421	2007-01-07T01:42:56+00:00	37.805187	-122.475509
00421	2007-01-07T01:43:00+00:00	37.804776	-122.475633
00421	2007-01-07T01:43:04+00:00	37.804585	-122.475628
00421	2007-01-07T01:43:08+00:00	37.804501	-122.475628
00421	2007-01-07T01:43:12+00:00	37.804225	-122.475632
00421	2007-01-07T01:43:16+00:00	37.803856	-122.475694
00421	2007-01-07T01:43:20+00:00	37.803472	-122.475924
00421	2007-01-07T01:43:24+00:00	37.803022	-122.476254
00421	2007-01-07T01:43:28+00:00	37.802523	-122.476604
00421	2007-01-07T01:43:32+00:00	37.802084	-122.476962
00421	2007-01-07T01:43:36+00:00	37.801735	-122.477332
00421	2007-01-07T01:43:40+00:00	37.801359	-122.477554
00421	2007-01-07T01:43:44+00:00	37.800941	-122.477757
00421	2007-01-07T01:43:48+00:00	37.800559	-122.478025
00421	2007-01-07T01:43:52+00:00	37.800228	-122.478232
00421	2007-01-07T01:43:56+00:00	37.799843	-122.478386
00421	2007-01-07T01:44:00+00:00	37.799401	-122.478523
00421	2007-01-07T01:44:04+00:00	37.799067	-122.478646
00421	2007-01-07T01:44:08+00:00	37.798896	-122.478721
00421	2007-01-07T01:44:12+00:00	37.798832	-122.478750
00421	2007-01-07T01:44:16+00:00	37.798610	-122.478836
00421	2007-01-07T01:44:20+00:00	37.798243	-122.478958
00421	2007-01-07T01:44:24+00:00	37.797801	-122.478836
00421	2007-01-07T01:44:28+00:00	37.797369	-122.478680
00421	2007-01-07T01:44:32+00:00	37.797043	-122.478937
00421	2007-01-07T01:44:36+00:00	37.796797	-122.479340
00421	2007-01-07T01:44:40+00:00	37.796403	-122.479599
00421	2007-01-07T01:44:44+00:00	37.795950	-122.479765
00421	2007-01-07T01:44:48+00:00	37.795602	-122.480016
00421	2007-01-07T01:44:52+00:00	37.795357	-122.480449
00421	2007-01-07T01:44:56+00:00	37.795021	-122.480637
00421	2007-01-07T01:45:00+00:00	37.794644	-122.480597
00421	2007-01-07T01:45:04+00:00	37.794380	-122.480520
00421	2007-01-07T01:45:08+00:00	37.794055	-122.480477
00421	2007-01-07T01:45:12+00:00	37.793699	-122.480571
00421	2007-01-07T01:45:16+00:00	37.793465	-122.480714
00421	2007-01-07T01:45:20+00:00	37.793195	-122.480880
00421	2007-01-07T01:45:24+00:00	37.792848	-122.481009
00421	2007-01-07T01:45:28+00:00	37.792562	-122.481046
00421	2007-01-07T01:45:32+00:00	37.792418	-122.481064
00421	2007-01-07T01:45:36+00:00	37.792367	-122.481074
00421	2007-01-07T01:45:48+00:00	37.792305	-122.481011
00421	2007-01-07T01:45:53+00:00	37.792359	-122.480941
00421	2007-01-07T01:47:24+00:00	37.792438	-122.480976
00421	2007-01-07T01:47:28+00:00	37.792825	-122.480931
00421	2007-01-07T01:47:32+00:00	37.793317	-122.480744
00421	2007-01-07T01:47:36+00:00	37.793855	-122.480440
00421	2007-01-07T01:47:40+00:00	37.794324	-122.480374
00421	2007-01-07T01:47:44+00:00	37.794800	-122.480443
00421	2007-01-07T01:47:48+00:00	37.795270	-122.480398
00421	2007-01-07T01:47:52+00:00	37.795572	-122.479999
00421	2007-01-07T01:47:56+00:00	37.795881	-122.479655
00421	2007-01-07T01:48:00+00:00	37.796317	-122.479512
00421	2007-01-07T01:48:04+00:00	37.796775	-122.479278
00421	2007-01-07T01:48:08+00:00	37.797080	-122.478836
00421	2007-01-07T01:48:12+00:00	37.797415	-122.478568
00421	2007-01-07T01:48:16+00:00	37.797851	-122.478672
00421	2007-01-07T01:48:20+00:00	37.798307	-122.478812
00421	2007-01-07T01:48:24+00:00	37.798621	-122.478725
00421	2007-01-07T01:48:28+00:00	37.798714	-122.478687
00422	2007-01-06T03:21:10+00:00	37.773009	-122.437377
00422	2007-01-06T03:22:02+00:00	37.773065	-122.437384
00422	2007-01-06T03:22:06+00:00	37.773189	-122.437207
00422	2007-01-06T03:22:10+00:00	37.773247	-122.436826
00422	2007-01-06T03:22:14+00:00	37.773298	-122.436395
00422	2007-01-06T03:22:18+00:00	37.773335	-122.436080
00422	2007-01-06T03:22:46+00:00	37.773345	-122.436015
00422	2007-01-06T03:23:02+00:00	37.773354	-122.435888
00422	2007-01-06T03:23:06+00:00	37.773478	-122.435756
00422	2007-01-06T03:23:10+00:00	37.773741	-122.435818
00422	2007-01-06T03:23:14+00:00	37.774094	-122.435894
00422	2007-01-06T03:23:18+00:00	37.774366	-122.435949
00422	2007-01-06T03:23:22+00:00	37.774836	-122.436034
00422	2007-01-06T03:23:26+00:00	37.775010	-122.436068
00422	2007-01-06T03:23:30+00:00	37.775063	-122.436076
00422	2007-01-06T03:23:34+00:00	37.775241	-122.436122
00422	2007-01-06T03:23:38+00:00	37.775535	-122.436191
00422	2007-01-06T03:23:42+00:00	37.775782	-122.436251
00422	2007-01-06T03:23:46+00:00	37.776029	-122.436305
00422	2007-01-06T03:23:50+00:00	37.776266	-122.436352
00422	2007-01-06T03:23:54+00:00	37.776620	-122.436419
00422	2007-01-06T03:23:58+00:00	37.776862	-122.436466
00422	2007-01-06T03:24:02+00:00	37.776980	-122.436489
00422	2007-01-06T03:24:06+00:00	37.777223	-122.436540
00422	2007-01-06T03:24:10+00:00	37.777531	-122.436605
00422	2007-01-06T03:24:14+00:00	37.777733	-122.436646
00422	2007-01-06T03:24:18+00:00	37.777922	-122.436685
00422	2007-01-06T03:24:22+00:00	37.778137	-122.436738
00422	2007-01-06T03:24:26+00:00	37.778417	-122.436800
00422	2007-01-06T03:24:30+00:00	37.778617	-122.436838
00422	2007-01-06T03:24:34+00:00	37.778706	-122.436858
00422	2007-01-06T03:24:58+00:00	37.778929	-122.436915
00422	2007-01-06T03:25:02+00:00	37.779148	-122.436958
00422	2007-01-06T03:25:06+00:00	37.779554	-122.437034
00422	2007-01-06T03:25:10+00:00	37.779672	-122.437057
00422	2007-01-06T03:25:18+00:00	37.779858	-122.437098
00422	2007-01-06T03:25:22+00:00	37.780180	-122.437153
00422	2007-01-06T03:25:26+00:00	37.780527	-122.437213
00422	2007-01-06T03:25:30+00:00	37.780696	-122.437245
00422	2007-01-06T03:25:34+00:00	37.780910	-122.437284
00422	2007-01-06T03:25:38+00:00	37.781282	-122.437364
00422	2007-01-06T03:25:42+00:00	37.781523	-122.437401
00422	2007-01-06T03:25:46+00:00	37.781655	-122.437423
00422	2007-01-06T03:25:50+00:00	37.781921	-122.437483
00422	2007-01-06T03:25:54+00:00	37.782292	-122.437561
00422	2007-01-06T03:25:58+00:00	37.782526	-122.437607
00422	2007-01-06T03:26:02+00:00	37.782635	-122.437632
00422	2007-01-06T03:26:06+00:00	37.782828	-122.437672
00422	2007-01-06T03:26:10+00:00	37.783222	-122.437748
00422	2007-01-06T03:26:14+00:00	37.783653	-122.437836
00422	2007-01-06T03:26:18+00:00	37.784120	-122.437929
00422	2007-01-06T03:26:22+00:00	37.784207	-122.437947
00422	2007-01-06T03:26:30+00:00	37.784405	-122.437992
00422	2007-01-06T03:26:34+00:00	37.784595	-122.438028
00422	2007-01-06T03:26:38+00:00	37.784873	-122.438086
00422	2007-01-06T03:26:42+00:00	37.785090	-122.438128
00422	2007-01-06T03:26:46+00:00	37.785219	-122.438157
00422	2007-01-06T03:26:50+00:00	37.785281	-122.438171
00422	2007-01-06T03:26:54+00:00	37.785359	-122.438186
00422	2007-01-06T03:26:58+00:00	37.785373	-122.438189
00422	2007-01-06T03:27:02+00:00	37.785522	-122.438199
00422	2007-01-06T03:27:06+00:00	37.785898	-122.438270
00422	2007-01-06T03:27:10+00:00	37.786209	-122.438335
00422	2007-01-06T03:27:14+00:00	37.786660	-122.438427
00422	2007-01-06T03:27:18+00:00	37.787051	-122.438509
00422	2007-01-06T03:27:22+00:00	37.787338	-122.438579
00422	2007-01-06T03:27:26+00:00	37.787806	-122.438673
00422	2007-01-06T03:27:30+00:00	37.788039	-122.438712
00422	2007-01-06T03:27:34+00:00	37.788076	-122.438717
00422	2007-01-06T03:27:42+00:00	37.788185	-122.438745
00422	2007-01-06T03:27:46+00:00	37.788350	-122.438785
00422	2007-01-06T03:27:50+00:00	37.788637	-122.438847
00422	2007-01-06T03:27:54+00:00	37.788933	-122.438905
00422	2007-01-06T03:27:58+00:00	37.789114	-122.438942
00422	2007-01-06T03:28:02+00:00	37.789285	-122.438981
00422	2007-01-06T03:28:06+00:00	37.789501	-122.439025
00422	2007-01-06T03:28:10+00:00	37.789795	-122.439080
00422	2007-01-06T03:28:14+00:00	37.789968	-122.439110
00422	2007-01-06T03:28:18+00:00	37.790143	-122.439153
00423	2007-01-02T16:48:32+00:00	37.776873	-122.398614
00423	2007-01-02T16:48:36+00:00	37.776833	-122.398654
00423	2007-01-02T16:49:08+00:00	37.776711	-122.398622
00423	2007-01-02T16:49:12+00:00	37.776467	-122.398817
00423	2007-01-02T16:49:16+00:00	37.776164	-122.399232
00423	2007-01-02T16:49:20+00:00	37.775840	-122.399649
00423	2007-01-02T16:49:24+00:00	37.775572	-122.400008
00423	2007-01-02T16:49:28+00:00	37.775352	-122.400321
00423	2007-01-02T16:49:32+00:00	37.775157	-122.400609
00423	2007-01-02T16:49:36+00:00	37.775028	-122.400796
00423	2007-01-02T16:49:40+00:00	37.775005	-122.400839
00423	2007-01-02T16:49:52+00:00	37.774985	-122.400898
00423	2007-01-02T16:50:00+00:00	37.774824	-122.401076
00423	2007-01-02T16:50:04+00:00	37.774508	-122.401446
00423	2007-01-02T16:50:08+00:00	37.774144	-122.401908
00423	2007-01-02T16:50:12+00:00	37.773801	-122.402358
00423	2007-01-02T16:50:16+00:00	37.773526	-122.402716
00423	2007-01-02T16:50:20+00:00	37.773317	-122.402972
00423	2007-01-02T16:50:24+00:00	37.773177	-122.403160
00423	2007-01-02T16:50:28+00:00	37.773113	-122.403349
00423	2007-01-02T16:50:32+00:00	37.773311	-122.403625
00423	2007-01-02T16:50:36+00:00	37.773627	-122.403960
00423	2007-01-02T16:50:40+00:00	37.773900	-122.404287
00423	2007-01-02T16:50:44+00:00	37.774058	-122.404491
00423	2007-01-02T16:50:48+00:00	37.774075	-122.404517
00423	2007-01-02T16:51:36+00:00	37.774121	-122.404559
00423	2007-01-02T16:51:40+00:00	37.774283	-122.404745
00423	2007-01-02T16:51:44+00:00	37.774542	-122.405059
00423	2007-01-02T16:51:48+00:00	37.774907	-122.405476
00423	2007-01-02T16:51:52+00:00	37.775197	-122.405839
00423	2007-01-02T16:51:56+00:00	37.775427	-122.406157
00423	2007-01-02T16:52:00+00:00	37.775805	-122.406626
00423	2007-01-02T16:52:04+00:00	37.776163	-122.407072
00423	2007-01-02T16:52:08+00:00	37.776507	-122.407508
00423	2007-01-02T16:52:12+00:00	37.776814	-122.407922
00423	2007-01-02T16:52:16+00:00	37.777143	-122.408332
00423	2007-01-02T16:52:20+00:00	37.777568	-122.408815
00423	2007-01-02T16:52:24+00:00	37.778006	-122.409358
00423	2007-01-02T16:52:28+00:00	37.778457	-122.409926
00423	2007-01-02T16:52:32+00:00	37.778893	-122.410474
00423	2007-01-02T16:52:36+00:00	37.779288	-122.411025
00423	2007-01-02T16:52:40+00:00	37.779683	-122.411546
00423	2007-01-02T16:52:44+00:00	37.779969	-122.411906
00423	2007-01-02T16:52:48+00:00	37.780186	-122.412178
00423	2007-01-02T16:52:52+00:00	37.780401	-122.412455
00423	2007-01-02T16:52:56+00:00	37.780660	-122.412741
00423	2007-01-02T16:53:00+00:00	37.780901	-122.413011
00423	2007-01-02T16:53:04+00:00	37.781047	-122.413237
00423	2007-01-02T16:53:08+00:00	37.781034	-122.413490
00423	2007-01-02T16:53:12+00:00	37.781079	-122.413713
00423	2007-01-02T16:53:16+00:00	37.781230	-122.413754
00423	2007-01-02T16:53:20+00:00	37.781417	-122.413801
00423	2007-01-02T16:53:24+00:00	37.781450	-122.413810
00423	2007-01-02T16:53:28+00:00	37.781497	-122.413827
00424	2007-01-05T07:47:30+00:00	37.788379	-122.409974
00424	2007-01-05T07:47:34+00:00	37.788292	-122.409919
00424	2007-01-05T07:47:50+00:00	37.788074	-122.409908
00424	2007-01-05T07:47:54+00:00	37.787883	-122.409820
00424	2007-01-05T07:47:58+00:00	37.787814	-122.409933
00424	2007-01-05T07:48:02+00:00	37.787726	-122.409928
00424	2007-01-05T07:48:06+00:00	37.787612	-122.409918
00424	2007-01-05T07:48:10+00:00	37.787567	-122.409904
00424	2007-01-05T07:48:14+00:00	37.787467	-122.409867
00424	2007-01-05T07:48:18+00:00	37.787335	-122.409822
00424	2007-01-05T07:48:22+00:00	37.787273	-122.409848
00424	2007-01-05T07:48:26+00:00	37.787225	-122.409990
00424	2007-01-05T07:48:30+00:00	37.787064	-122.410577
00424	2007-01-05T07:48:34+00:00	37.786939	-122.411212
00424	2007-01-05T07:48:38+00:00	37.786926	-122.411331
00424	2007-01-05T07:48:42+00:00	37.786913	-122.411446
00424	2007-01-05T07:48:50+00:00	37.787108	-122.411592
00424	2007-01-05T07:48:54+00:00	37.787346	-122.411620
00424	2007-01-05T07:48:58+00:00	37.787432	-122.411644
00424	2007-01-05T07:49:02+00:00	37.787609	-122.411702
00424	2007-01-05T07:49:26+00:00	37.787699	-122.411737
00424	2007-01-05T07:49:30+00:00	37.787811	-122.411566
00424	2007-01-05T07:49:34+00:00	37.787996	-122.410880
00424	2007-01-05T07:49:38+00:00	37.788088	-122.410086
00424	2007-01-05T07:49:42+00:00	37.788146	-122.409333
00424	2007-01-05T07:49:46+00:00	37.788178	-122.408748
00424	2007-01-05T07:49:50+00:00	37.788225	-122.408520
00424	2007-01-05T07:49:54+00:00	37.788228	-122.408506
00424	2007-01-05T07:50:22+00:00	37.788269	-122.408383
00424	2007-01-05T07:50:26+00:00	37.788404	-122.407802
00424	2007-01-05T07:50:30+00:00	37.788502	-122.407138
00424	2007-01-05T07:50:34+00:00	37.788574	-122.406432
00424	2007-01-05T07:50:46+00:00	37.788598	-122.405789
00424	2007-01-05T07:50:50+00:00	37.788717	-122.404793
00424	2007-01-05T07:50:54+00:00	37.788889	-122.404132
00424	2007-01-05T07:50:58+00:00	37.788947	-122.403389
00424	2007-01-05T07:51:02+00:00	37.788997	-122.402749
00424	2007-01-05T07:51:06+00:00	37.788966	-122.402426
00424	2007-01-05T07:51:10+00:00	37.788968	-122.402409
00425	2007-01-03T22:14:12+00:00	37.796698	-122.415566
00425	2007-01-03T22:14:24+00:00	37.797464	-122.411337
00425	2007-01-03T22:14:28+00:00	37.797277	-122.411524
00425	2007-01-03T22:14:32+00:00	37.797415	-122.410630
00425	2007-01-03T22:14:36+00:00	37.797475	-122.410130
00425	2007-01-03T22:14:40+00:00	37.797530	-122.409470
00425	2007-01-03T22:14:44+00:00	37.797570	-122.409019
00425	2007-01-03T22:14:48+00:00	37.797584	-122.408835
00425	2007-01-03T22:14:53+00:00	37.797585	-122.408821
00425	2007-01-03T22:15:12+00:00	37.797630	-122.408502
00425	2007-01-03T22:15:16+00:00	37.797685	-122.408035
00425	2007-01-03T22:15:20+00:00	37.797760	-122.407494
00425	2007-01-03T22:15:24+00:00	37.797810	-122.407078
00425	2007-01-03T22:15:28+00:00	37.797861	-122.406605
00425	2007-01-03T22:15:32+00:00	37.797920	-122.406105
00425	2007-01-03T22:15:36+00:00	37.797966	-122.405681
00425	2007-01-03T22:15:40+00:00	37.797948	-122.405554
00425	2007-01-03T22:15:44+00:00	37.797802	-122.405502
00425	2007-01-03T22:15:48+00:00	37.797431	-122.405437
00425	2007-01-03T22:15:52+00:00	37.797162	-122.405412
00425	2007-01-03T22:15:56+00:00	37.797169	-122.405604
00425	2007-01-03T22:16:00+00:00	37.797389	-122.405941
00425	2007-01-03T22:16:04+00:00	37.797705	-122.406375
00425	2007-01-03T22:16:08+00:00	37.797988	-122.406811
00425	2007-01-03T22:16:12+00:00	37.798279	-122.407240
00425	2007-01-03T22:16:16+00:00	37.798571	-122.407670
00425	2007-01-03T22:16:20+00:00	37.798795	-122.407973
00425	2007-01-03T22:16:24+00:00	37.798951	-122.408153
00425	2007-01-03T22:16:28+00:00	37.799083	-122.408322
00425	2007-01-03T22:16:32+00:00	37.799164	-122.408415
00425	2007-01-03T22:16:36+00:00	37.799177	-122.408432
00426	2007-01-07T05:55:55+00:00	37.789143	-122.433862
00426	2007-01-07T05:55:59+00:00	37.789447	-122.433906
00426	2007-01-07T05:56:03+00:00	37.789753	-122.433939
00426	2007-01-07T05:56:07+00:00	37.790054	-122.434011
00426	2007-01-07T05:56:11+00:00	37.790359	-122.434105
00426	2007-01-07T05:56:15+00:00	37.790508	-122.434154
00426	2007-01-07T05:56:19+00:00	37.790589	-122.434172
00426	2007-01-07T05:56:23+00:00	37.790706	-122.434206
00426	2007-01-07T05:56:27+00:00	37.790991	-122.434292
00426	2007-01-07T05:56:31+00:00	37.791291	-122.434383
00426	2007-01-07T05:56:35+00:00	37.791533	-122.434435
00426	2007-01-07T05:56:39+00:00	37.791680	-122.434396
00426	2007-01-07T05:56:43+00:00	37.791853	-122.434413
00426	2007-01-07T05:56:47+00:00	37.792060	-122.434432
00426	2007-01-07T05:56:51+00:00	37.792314	-122.434404
00426	2007-01-07T05:56:55+00:00	37.792538	-122.434326
00426	2007-01-07T05:56:59+00:00	37.792707	-122.434313
00426	2007-01-07T05:57:03+00:00	37.792953	-122.434394
00426	2007-01-07T05:57:07+00:00	37.793165	-122.434498
00426	2007-01-07T05:57:11+00:00	37.793303	-122.434573
00426	2007-01-07T05:57:15+00:00	37.793485	-122.434629
00426	2007-01-07T05:57:19+00:00	37.793834	-122.434687
00426	2007-01-07T05:57:23+00:00	37.794072	-122.434730
00426	2007-01-07T05:57:27+00:00	37.794256	-122.434782
00426	2007-01-07T05:57:31+00:00	37.794536	-122.434864
00426	2007-01-07T05:57:35+00:00	37.794908	-122.434980
00426	2007-01-07T05:57:39+00:00	37.795092	-122.435053
00426	2007-01-07T05:57:43+00:00	37.795111	-122.435062
00426	2007-01-07T05:57:47+00:00	37.795346	-122.435105
00426	2007-01-07T05:57:51+00:00	37.795663	-122.435163
00426	2007-01-07T05:57:55+00:00	37.796019	-122.435257
00426	2007-01-07T05:57:59+00:00	37.796146	-122.435299
00426	2007-01-07T05:58:03+00:00	37.796282	-122.435342
00426	2007-01-07T05:58:07+00:00	37.796546	-122.435409
00426	2007-01-07T05:58:11+00:00	37.796966	-122.435517
00426	2007-01-07T05:58:15+00:00	37.797454	-122.435605
00426	2007-01-07T05:58:19+00:00	37.797841	-122.435671
00426	2007-01-07T05:58:23+00:00	37.797977	-122.435716
00426	2007-01-07T05:58:27+00:00	37.798076	-122.435738
00426	2007-01-07T05:58:31+00:00	37.798315	-122.435764
00426	2007-01-07T05:58:35+00:00	37.798677	-122.435826
00426	2007-01-07T05:58:39+00:00	37.798843	-122.435863
00426	2007-01-07T05:58:43+00:00	37.798887	-122.435878
00426	2007-01-07T05:58:51+00:00	37.799072	-122.435958
00426	2007-01-07T05:58:55+00:00	37.799309	-122.435999
00426	2007-01-07T05:58:59+00:00	37.799560	-122.436046
00426	2007-01-07T05:59:03+00:00	37.799701	-122.436080
00427	2007-01-03T02:16:21+00:00	37.787349	-122.400617
00427	2007-01-03T02:16:29+00:00	37.787383	-122.400573
00427	2007-01-03T02:16:37+00:00	37.787411	-122.400526
00427	2007-01-03T02:17:09+00:00	37.787450	-122.400557
00427	2007-01-03T02:17:17+00:00	37.787475	-122.400551
00427	2007-01-03T02:17:25+00:00	37.787471	-122.400477
00427	2007-01-03T02:17:29+00:00	37.787448	-122.400351
00427	2007-01-03T02:17:33+00:00	37.787429	-122.400292
00427	2007-01-03T02:17:41+00:00	37.787394	-122.400248
00427	2007-01-03T02:17:45+00:00	37.787430	-122.400297
00427	2007-01-03T02:17:49+00:00	37.787516	-122.400378
00427	2007-01-03T02:17:53+00:00	37.787562	-122.400399
00427	2007-01-03T02:18:01+00:00	37.787577	-122.400459
00427	2007-01-03T02:18:09+00:00	37.787527	-122.400478
00427	2007-01-03T02:18:13+00:00	37.787479	-122.400469
00427	2007-01-03T02:18:21+00:00	37.787434	-122.400446
00427	2007-01-03T02:18:25+00:00	37.787367	-122.400395
00427	2007-01-03T02:18:29+00:00	37.787144	-122.400159
00427	2007-01-03T02:18:33+00:00	37.787026	-122.399912
00427	2007-01-03T02:18:37+00:00	37.786978	-122.399759
00428	2007-01-06T04:46:26+00:00	37.777553	-122.433113
00428	2007-01-06T04:46:30+00:00	37.777453	-122.434071
00428	2007-01-06T04:46:34+00:00	37.777391	-122.434559
00428	2007-01-06T04:46:38+00:00	37.777419	-122.434713
00428	2007-01-06T04:46:42+00:00	37.777364	-122.435177
00428	2007-01-06T04:46:46+00:00	37.777291	-122.435754
00428	2007-01-06T04:46:50+00:00	37.777247	-122.436143
00428	2007-01-06T04:46:54+00:00	37.777216	-122.436390
00428	2007-01-06T04:46:58+00:00	37.777183	-122.436851
00428	2007-01-06T04:47:02+00:00	37.777130	-122.437318
00428	2007-01-06T04:47:06+00:00	37.777092	-122.437555
00428	2007-01-06T04:47:18+00:00	37.776977	-122.437902
00428	2007-01-06T04:47:22+00:00	37.776894	-122.438497
00428	2007-01-06T04:47:26+00:00	37.776831	-122.439233
00428	2007-01-06T04:47:30+00:00	37.776734	-122.439868
00428	2007-01-06T04:47:34+00:00	37.776654	-122.440283
00428	2007-01-06T04:47:38+00:00	37.776585	-122.440675
00428	2007-01-06T04:47:42+00:00	37.776515	-122.441153
00428	2007-01-06T04:47:46+00:00	37.776446	-122.441707
00428	2007-01-06T04:47:50+00:00	37.776370	-122.442308
00428	2007-01-06T04:47:54+00:00	37.776281	-122.442832
00428	2007-01-06T04:47:58+00:00	37.776242	-122.443042
00428	2007-01-06T04:48:02+00:00	37.776176	-122.443532
00428	2007-01-06T04:48:06+00:00	37.776086	-122.444219
00428	2007-01-06T04:48:10+00:00	37.775988	-122.444955
00428	2007-01-06T04:48:14+00:00	37.775906	-122.445636
00428	2007-01-06T04:48:18+00:00	37.775865	-122.446085
00428	2007-01-06T04:48:22+00:00	37.775861	-122.446136
00428	2007-01-06T04:48:50+00:00	37.775867	-122.446268
00428	2007-01-06T04:48:54+00:00	37.775846	-122.446629
00428	2007-01-06T04:48:58+00:00	37.775745	-122.447222
00428	2007-01-06T04:49:02+00:00	37.775654	-122.447940
00428	2007-01-06T04:49:06+00:00	37.775571	-122.448666
00428	2007-01-06T04:49:10+00:00	37.775477	-122.449391
00428	2007-01-06T04:49:14+00:00	37.775396	-122.450104
00428	2007-01-06T04:49:18+00:00	37.775327	-122.450807
00428	2007-01-06T04:49:22+00:00	37.775250	-122.451499
00428	2007-01-06T04:49:26+00:00	37.775128	-122.452184
00428	2007-01-06T04:49:30+00:00	37.775064	-122.452608
00428	2007-01-06T04:49:46+00:00	37.775048	-122.452698
00428	2007-01-06T04:49:50+00:00	37.775000	-122.453038
00428	2007-01-06T04:49:54+00:00	37.774930	-122.453571
00428	2007-01-06T04:49:58+00:00	37.774860	-122.454150
00428	2007-01-06T04:50:02+00:00	37.774816	-122.454522
00428	2007-01-06T04:50:06+00:00	37.774813	-122.454556
00428	2007-01-06T04:50:46+00:00	37.774790	-122.454696
00428	2007-01-06T04:50:50+00:00	37.774718	-122.455193
00428	2007-01-06T04:50:54+00:00	37.774624	-122.455892
00428	2007-01-06T04:50:58+00:00	37.774522	-122.456680
00428	2007-01-06T04:51:02+00:00	37.774432	-122.457484
00428	2007-01-06T04:51:06+00:00	37.774332	-122.458084
00428	2007-01-06T04:51:10+00:00	37.774271	-122.458500
00428	2007-01-06T04:51:14+00:00	37.774261	-122.459041
00428	2007-01-06T04:51:18+00:00	37.774174	-122.459795
00428	2007-01-06T04:51:22+00:00	37.774050	-122.460672
00428	2007-01-06T04:51:26+00:00	37.773922	-122.461593
00428	2007-01-06T04:51:30+00:00	37.773814	-122.462512
00428	2007-01-06T04:51:34+00:00	37.773703	-122.463422
00428	2007-01-06T04:51:38+00:00	37.773580	-122.464328
00428	2007-01-06T04:51:42+00:00	37.773474	-122.465090
00428	2007-01-06T04:51:46+00:00	37.773402	-122.465633
00428	2007-01-06T04:51:50+00:00	37.773374	-122.465851
00428	2007-01-06T04:52:06+00:00	37.773387	-122.465899
00428	2007-01-06T04:52:10+00:00	37.773374	-122.466242
00428	2007-01-06T04:52:14+00:00	37.773341	-122.466853
00428	2007-01-06T04:52:18+00:00	37.773316	-122.467467
00428	2007-01-06T04:52:22+00:00	37.773292	-122.468104
00428	2007-01-06T04:52:26+00:00	37.773268	-122.468887
00429	2007-01-03T15:51:33+00:00	37.781413	-122.417186
00429	2007-01-03T15:52:13+00:00	37.783910	-122.417618
00429	2007-01-03T15:55:50+00:00	37.789815	-122.418752
00429	2007-01-03T15:55:54+00:00	37.789353	-122.423745
00429	2007-01-03T15:56:34+00:00	37.788937	-122.425379
00429	2007-01-03T15:59:18+00:00	37.789620	-122.432292
00429	2007-01-03T16:00:18+00:00	37.790377	-122.432469
00430	2007-01-02T15:57:20+00:00	37.781959	-122.420344
00430	2007-01-02T15:57:24+00:00	37.781906	-122.420492
00430	2007-01-02T15:57:28+00:00	37.781884	-122.420689
00430	2007-01-02T15:57:32+00:00	37.781831	-122.420779
00430	2007-01-02T15:57:36+00:00	37.781599	-122.420715
00430	2007-01-02T15:57:40+00:00	37.781371	-122.420646
00430	2007-01-02T15:57:44+00:00	37.781260	-122.420621
00430	2007-01-02T15:57:52+00:00	37.781170	-122.420586
00430	2007-01-02T15:58:08+00:00	37.781118	-122.420489
00430	2007-01-02T15:58:12+00:00	37.780882	-122.420486
00430	2007-01-02T15:58:16+00:00	37.780562	-122.420470
00430	2007-01-02T15:58:20+00:00	37.780194	-122.420394
00430	2007-01-02T15:58:24+00:00	37.779740	-122.420304
00430	2007-01-02T15:58:28+00:00	37.779247	-122.420199
00430	2007-01-02T15:58:32+00:00	37.778740	-122.420100
00430	2007-01-02T15:58:36+00:00	37.778398	-122.420016
00430	2007-01-02T15:58:40+00:00	37.778070	-122.419959
00430	2007-01-02T15:58:44+00:00	37.777693	-122.419884
00430	2007-01-02T15:58:48+00:00	37.777456	-122.419841
00430	2007-01-02T15:58:56+00:00	37.777391	-122.419824
00430	2007-01-02T15:59:32+00:00	37.777243	-122.419816
00430	2007-01-02T15:59:36+00:00	37.776929	-122.419757
00430	2007-01-02T15:59:40+00:00	37.776511	-122.419672
00430	2007-01-02T15:59:44+00:00	37.776033	-122.419504
00430	2007-01-02T15:59:48+00:00	37.775577	-122.419379
00430	2007-01-02T15:59:52+00:00	37.775186	-122.419370
00430	2007-01-02T15:59:56+00:00	37.774871	-122.419583
00430	2007-01-02T16:00:00+00:00	37.774590	-122.419928
00430	2007-01-02T16:00:04+00:00	37.774484	-122.420103
00430	2007-01-02T16:00:32+00:00	37.774391	-122.420217
00430	2007-01-02T16:00:36+00:00	37.774171	-122.420537
00430	2007-01-02T16:00:40+00:00	37.773855	-122.420947
00430	2007-01-02T16:00:44+00:00	37.773562	-122.421332
00430	2007-01-02T16:00:48+00:00	37.773365	-122.421604
00430	2007-01-02T16:00:52+00:00	37.773280	-122.421717
00430	2007-01-02T16:00:56+00:00	37.773250	-122.421763
00430	2007-01-02T16:01:00+00:00	37.773129	-122.421927
00430	2007-01-02T16:01:04+00:00	37.772887	-122.422241
00430	2007-01-02T16:01:08+00:00	37.772606	-122.422635
00430	2007-01-02T16:01:12+00:00	37.772373	-122.422939
00430	2007-01-02T16:01:16+00:00	37.772277	-122.423046
00430	2007-01-02T16:01:20+00:00	37.772231	-122.423067
00431	2007-01-06T07:28:07+00:00	37.762769	-122.393356
00431	2007-01-06T07:28:11+00:00	37.762829	-122.392460
00431	2007-01-06T07:28:23+00:00	37.763519	-122.392374
00431	2007-01-06T07:28:27+00:00	37.764259	-122.392620
00431	2007-01-06T07:28:31+00:00	37.764939	-122.392958
00431	2007-01-06T07:28:35+00:00	37.765622	-122.393489
00431	2007-01-06T07:28:39+00:00	37.766324	-122.394163
00431	2007-01-06T07:28:43+00:00	37.767314	-122.395379
00431	2007-01-06T07:28:47+00:00	37.767801	-122.395994
00431	2007-01-06T07:28:51+00:00	37.768298	-122.396613
00431	2007-01-06T07:28:55+00:00	37.769466	-122.397555
00431	2007-01-06T07:28:59+00:00	37.770125	-122.397740
00431	2007-01-06T07:29:03+00:00	37.770799	-122.397822
00431	2007-01-06T07:29:07+00:00	37.771682	-122.397925
00431	2007-01-06T07:29:11+00:00	37.772531	-122.397911
00431	2007-01-06T07:29:15+00:00	37.773335	-122.397551
00431	2007-01-06T07:29:19+00:00	37.774039	-122.396901
00431	2007-01-06T07:30:03+00:00	37.774620	-122.396263
00431	2007-01-06T07:30:11+00:00	37.775107	-122.395527
00431	2007-01-06T07:30:15+00:00	37.775604	-122.394885
00431	2007-01-06T07:30:23+00:00	37.776099	-122.394250
00431	2007-01-06T07:31:07+00:00	37.776523	-122.393485
00431	2007-01-06T07:31:11+00:00	37.777059	-122.392906
00432	2007-01-03T21:47:09+00:00	37.791846	-122.411377
00432	2007-01-03T21:47:15+00:00	37.791745	-122.411363
00432	2007-01-03T21:47:21+00:00	37.791650	-122.411332
00432	2007-01-03T21:47:27+00:00	37.791501	-122.410982
00432	2007-01-03T21:47:33+00:00	37.791382	-122.410548
00432	2007-01-03T21:47:39+00:00	37.791378	-122.410030
00432	2007-01-03T21:47:45+00:00	37.791477	-122.409931
00432	2007-01-03T21:48:03+00:00	37.791575	-122.410002
00432	2007-01-03T21:48:09+00:00	37.791738	-122.409816
00432	2007-01-03T21:48:15+00:00	37.791817	-122.409714
00432	2007-01-03T21:48:21+00:00	37.791928	-122.409513
00432	2007-01-03T21:48:27+00:00	37.791963	-122.409466
00432	2007-01-03T21:48:45+00:00	37.791974	-122.409347
00432	2007-01-03T21:49:27+00:00	37.791936	-122.409237
00432	2007-01-03T21:49:33+00:00	37.791586	-122.409132
00432	2007-01-03T21:49:39+00:00	37.791185	-122.409071
00432	2007-01-03T21:49:45+00:00	37.790902	-122.409035
00432	2007-01-03T21:49:51+00:00	37.790493	-122.409016
00432	2007-01-03T21:49:57+00:00	37.790083	-122.408993
00432	2007-01-03T21:50:03+00:00	37.789735	-122.408899
00432	2007-01-03T21:50:09+00:00	37.789362	-122.408805
00432	2007-01-03T21:50:15+00:00	37.788974	-122.408730
00432	2007-01-03T21:50:21+00:00	37.788853	-122.408664
00432	2007-01-03T21:50:27+00:00	37.788846	-122.408650
00432	2007-01-03T21:50:33+00:00	37.788934	-122.408611
00432	2007-01-03T21:50:51+00:00	37.789027	-122.408589
00432	2007-01-03T21:51:03+00:00	37.789113	-122.408539
00432	2007-01-03T21:51:51+00:00	37.789095	-122.408419
00432	2007-01-03T21:51:57+00:00	37.789016	-122.408361
00432	2007-01-03T21:52:09+00:00	37.788927	-122.408318
00432	2007-01-03T21:52:21+00:00	37.788841	-122.408379
00432	2007-01-03T21:52:33+00:00	37.788567	-122.408386
00432	2007-01-03T21:52:39+00:00	37.788233	-122.408341
00432	2007-01-03T21:52:45+00:00	37.788023	-122.408328
00432	2007-01-03T21:52:51+00:00	37.787977	-122.408325
00432	2007-01-03T21:52:57+00:00	37.787882	-122.408322
00432	2007-01-03T21:53:07+00:00	37.787791	-122.408322
00432	2007-01-03T21:53:21+00:00	37.787791	-122.408419
00432	2007-01-03T21:53:27+00:00	37.787801	-122.408431
00432	2007-01-03T21:53:33+00:00	37.787834	-122.408446
00432	2007-01-03T21:53:39+00:00	37.787891	-122.408419
00432	2007-01-03T21:53:45+00:00	37.787982	-122.408333
00432	2007-01-03T21:53:51+00:00	37.787846	-122.408327
00432	2007-01-03T21:53:57+00:00	37.787621	-122.408302
00433	2007-01-07T02:08:58+00:00	37.787931	-122.409997
00433	2007-01-07T02:09:02+00:00	37.788015	-122.409923
00433	2007-01-07T02:09:06+00:00	37.788187	-122.409847
00433	2007-01-07T02:09:10+00:00	37.788369	-122.409744
00433	2007-01-07T02:09:14+00:00	37.788507	-122.409640
00433	2007-01-07T02:09:18+00:00	37.788565	-122.409517
00433	2007-01-07T02:09:22+00:00	37.788556	-122.409360
00433	2007-01-07T02:09:26+00:00	37.788601	-122.409218
00433	2007-01-07T02:09:30+00:00	37.788626	-122.409154
00433	2007-01-07T02:09:34+00:00	37.788601	-122.409017
00433	2007-01-07T02:09:38+00:00	37.788581	-122.408951
00433	2007-01-07T02:09:42+00:00	37.788565	-122.408886
00433	2007-01-07T02:09:46+00:00	37.788557	-122.408822
00433	2007-01-07T02:09:50+00:00	37.788567	-122.408748
00433	2007-01-07T02:09:54+00:00	37.788550	-122.408635
00433	2007-01-07T02:09:58+00:00	37.788548	-122.408604
00433	2007-01-07T02:10:02+00:00	37.788551	-122.408600
00433	2007-01-07T02:10:06+00:00	37.788566	-122.408558
00433	2007-01-07T02:10:10+00:00	37.788581	-122.408512
00433	2007-01-07T02:10:14+00:00	37.788594	-122.408485
00433	2007-01-07T02:10:18+00:00	37.788611	-122.408471
00433	2007-01-07T02:10:22+00:00	37.788630	-122.408447
00433	2007-01-07T02:10:26+00:00	37.788655	-122.408419
00433	2007-01-07T02:10:30+00:00	37.788678	-122.408404
00433	2007-01-07T02:10:34+00:00	37.788702	-122.408395
00433	2007-01-07T02:10:38+00:00	37.788742	-122.408390
00433	2007-01-07T02:10:42+00:00	37.788797	-122.408396
00433	2007-01-07T02:10:46+00:00	37.788861	-122.408408
00433	2007-01-07T02:10:50+00:00	37.788923	-122.408438
00433	2007-01-07T02:10:54+00:00	37.788978	-122.408471
00433	2007-01-07T02:10:58+00:00	37.789020	-122.408478
00433	2007-01-07T02:11:02+00:00	37.789076	-122.408458
00433	2007-01-07T02:11:06+00:00	37.789116	-122.408473
00433	2007-01-07T02:11:10+00:00	37.789161	-122.408516
00433	2007-01-07T02:11:14+00:00	37.789202	-122.408559
00433	2007-01-07T02:11:18+00:00	37.789244	-122.408577
00433	2007-01-07T02:11:22+00:00	37.789287	-122.408562
00433	2007-01-07T02:11:26+00:00	37.789308	-122.408535
00433	2007-01-07T02:11:30+00:00	37.789298	-122.408507
00433	2007-01-07T02:11:34+00:00	37.789284	-122.408509
00433	2007-01-07T02:11:38+00:00	37.789358	-122.408486
00433	2007-01-07T02:11:42+00:00	37.789473	-122.408477
00433	2007-01-07T02:11:46+00:00	37.789582	-122.408449
00433	2007-01-07T02:11:50+00:00	37.789678	-122.408410
00433	2007-01-07T02:11:54+00:00	37.789738	-122.408391
00433	2007-01-07T02:11:58+00:00	37.789766	-122.408401
00433	2007-01-07T02:12:02+00:00	37.789809	-122.408431
00433	2007-01-07T02:12:06+00:00	37.789849	-122.408476
00434	2007-01-04T18:17:06+00:00	37.779344	-122.410752
00434	2007-01-04T18:17:12+00:00	37.779688	-122.410352
00434	2007-01-04T18:17:18+00:00	37.780124	-122.409791
00434	2007-01-04T18:17:24+00:00	37.780534	-122.409271
00434	2007-01-04T18:17:30+00:00	37.780720	-122.409048
00434	2007-01-04T18:17:36+00:00	37.780760	-122.409005
00434	2007-01-04T18:17:54+00:00	37.780789	-122.408905
00434	2007-01-04T18:18:00+00:00	37.781099	-122.408504
00434	2007-01-04T18:18:06+00:00	37.781616	-122.407826
00434	2007-01-04T18:18:12+00:00	37.782058	-122.407259
00434	2007-01-04T18:18:18+00:00	37.782377	-122.406872
00434	2007-01-04T18:18:24+00:00	37.782533	-122.406711
00434	2007-01-04T18:18:36+00:00	37.782548	-122.406599
00434	2007-01-04T18:18:42+00:00	37.783028	-122.405966
00434	2007-01-04T18:18:48+00:00	37.783569	-122.405277
00434	2007-01-04T18:18:54+00:00	37.783911	-122.404878
00434	2007-01-04T18:19:00+00:00	37.783998	-122.404785
00434	2007-01-04T18:19:24+00:00	37.784103	-122.404627
00434	2007-01-04T18:19:30+00:00	37.784293	-122.404333
00434	2007-01-04T18:19:36+00:00	37.784585	-122.403963
00434	2007-01-04T18:19:42+00:00	37.784635	-122.403905
00434	2007-01-04T18:19:48+00:00	37.784683	-122.403855
00434	2007-01-04T18:20:00+00:00	37.784751	-122.403793
00434	2007-01-04T18:20:06+00:00	37.784951	-122.403543
00434	2007-01-04T18:20:12+00:00	37.785214	-122.403219
00434	2007-01-04T18:20:18+00:00	37.785549	-122.402801
00434	2007-01-04T18:20:24+00:00	37.785756	-122.402537
00434	2007-01-04T18:20:30+00:00	37.786036	-122.402174
00434	2007-01-04T18:20:36+00:00	37.786273	-122.401856
00434	2007-01-04T18:20:42+00:00	37.786574	-122.401485
00434	2007-01-04T18:20:48+00:00	37.786659	-122.401375
00434	2007-01-04T18:21:02+00:00	37.786745	-122.401238
00434	2007-01-04T18:21:06+00:00	37.786821	-122.401121
00434	2007-01-04T18:21:12+00:00	37.786944	-122.401061
00434	2007-01-04T18:21:18+00:00	37.787135	-122.400831
00434	2007-01-04T18:21:24+00:00	37.787271	-122.400630
00435	2007-01-07T02:27:11+00:00	37.772490	-122.425478
00435	2007-01-07T02:27:15+00:00	37.772175	-122.425429
00435	2007-01-07T02:27:19+00:00	37.771835	-122.425372
00435	2007-01-07T02:27:23+00:00	37.771501	-122.425324
00435	2007-01-07T02:27:27+00:00	37.771290	-122.425287
00435	2007-01-07T02:27:31+00:00	37.771210	-122.425272
00435	2007-01-07T02:27:39+00:00	37.771158	-122.425264
00435	2007-01-07T02:27:43+00:00	37.771085	-122.425245
00435	2007-01-07T02:27:47+00:00	37.770918	-122.425204
00435	2007-01-07T02:27:51+00:00	37.770738	-122.425117
00435	2007-01-07T02:27:55+00:00	37.770556	-122.425209
00435	2007-01-07T02:27:59+00:00	37.770325	-122.425467
00435	2007-01-07T02:28:03+00:00	37.770117	-122.425707
00435	2007-01-07T02:28:07+00:00	37.769982	-122.425872
00435	2007-01-07T02:28:11+00:00	37.769921	-122.425951
00435	2007-01-07T02:28:23+00:00	37.769904	-122.425977
00435	2007-01-07T02:28:27+00:00	37.769765	-122.426180
00435	2007-01-07T02:28:31+00:00	37.769562	-122.426440
00435	2007-01-07T02:28:35+00:00	37.769379	-122.426665
00435	2007-01-07T02:28:39+00:00	37.769309	-122.426748
00435	2007-01-07T02:28:47+00:00	37.769226	-122.426858
00435	2007-01-07T02:28:51+00:00	37.769076	-122.427046
00435	2007-01-07T02:28:55+00:00	37.768901	-122.427259
00435	2007-01-07T02:28:59+00:00	37.768701	-122.427499
00435	2007-01-07T02:29:03+00:00	37.768491	-122.427757
00435	2007-01-07T02:29:07+00:00	37.768316	-122.427975
00435	2007-01-07T02:29:11+00:00	37.768183	-122.428130
00435	2007-01-07T02:29:15+00:00	37.768100	-122.428228
00435	2007-01-07T02:29:19+00:00	37.768091	-122.428239
00435	2007-01-07T02:29:27+00:00	37.768027	-122.428291
00435	2007-01-07T02:29:31+00:00	37.767849	-122.428515
00435	2007-01-07T02:29:35+00:00	37.767611	-122.428827
00435	2007-01-07T02:29:39+00:00	37.767354	-122.429163
00435	2007-01-07T02:29:43+00:00	37.767112	-122.429488
00435	2007-01-07T02:29:47+00:00	37.766868	-122.429811
00435	2007-01-07T02:29:51+00:00	37.766590	-122.430177
00435	2007-01-07T02:29:55+00:00	37.766308	-122.430534
00435	2007-01-07T02:29:59+00:00	37.766024	-122.430898
00435	2007-01-07T02:30:03+00:00	37.765705	-122.431302
00435	2007-01-07T02:30:07+00:00	37.765375	-122.431729
00435	2007-01-07T02:30:11+00:00	37.765082	-122.432107
00435	2007-01-07T02:30:15+00:00	37.764892	-122.432353
00435	2007-01-07T02:30:19+00:00	37.764721	-122.432595
00436	2007-01-06T06:07:29+00:00	37.754017	-122.425502
00436	2007-01-06T06:07:33+00:00	37.753667	-122.425453
00436	2007-01-06T06:07:37+00:00	37.753564	-122.425440
00436	2007-01-06T06:08:09+00:00	37.753376	-122.425441
00436	2007-01-06T06:08:13+00:00	37.753075	-122.425410
00436	2007-01-06T06:08:17+00:00	37.752665	-122.425369
00436	2007-01-06T06:08:21+00:00	37.752229	-122.425331
00436	2007-01-06T06:08:25+00:00	37.751998	-122.425309
00436	2007-01-06T06:08:37+00:00	37.751890	-122.425309
00436	2007-01-06T06:08:41+00:00	37.751656	-122.425258
00436	2007-01-06T06:08:45+00:00	37.751352	-122.425232
00436	2007-01-06T06:08:49+00:00	37.751040	-122.425216
00436	2007-01-06T06:08:53+00:00	37.750666	-122.425161
00436	2007-01-06T06:08:57+00:00	37.750404	-122.425127
00436	2007-01-06T06:09:01+00:00	37.750375	-122.425121
00436	2007-01-06T06:09:05+00:00	37.750143	-122.425104
00436	2007-01-06T06:09:09+00:00	37.749828	-122.425061
00436	2007-01-06T06:09:13+00:00	37.749517	-122.425036
00436	2007-01-06T06:09:17+00:00	37.749214	-122.425014
00436	2007-01-06T06:09:21+00:00	37.748913	-122.424984
00436	2007-01-06T06:09:25+00:00	37.748744	-122.424972
00436	2007-01-06T06:09:33+00:00	37.748609	-122.424958
00436	2007-01-06T06:09:37+00:00	37.748327	-122.424933
00436	2007-01-06T06:09:41+00:00	37.748042	-122.424893
00436	2007-01-06T06:09:45+00:00	37.747953	-122.424881
00436	2007-01-06T06:10:13+00:00	37.747869	-122.424869
00436	2007-01-06T06:10:17+00:00	37.747790	-122.425089
00436	2007-01-06T06:10:21+00:00	37.747759	-122.425521
00436	2007-01-06T06:10:25+00:00	37.747746	-122.426082
00436	2007-01-06T06:10:29+00:00	37.747740	-122.426569
00436	2007-01-06T06:10:33+00:00	37.747737	-122.426828
00436	2007-01-06T06:10:37+00:00	37.747737	-122.426860
00436	2007-01-06T06:10:41+00:00	37.747753	-122.427060
00436	2007-01-06T06:10:45+00:00	37.747722	-122.427462
00436	2007-01-06T06:10:49+00:00	37.747667	-122.427977
00436	2007-01-06T06:10:53+00:00	37.747604	-122.428584
00436	2007-01-06T06:10:57+00:00	37.747561	-122.429104
00436	2007-01-06T06:11:01+00:00	37.747555	-122.429173
00436	2007-01-06T06:11:09+00:00	37.747568	-122.429197
00436	2007-01-06T06:11:13+00:00	37.747538	-122.429503
00436	2007-01-06T06:11:17+00:00	37.747502	-122.430200
00436	2007-01-06T06:11:21+00:00	37.747472	-122.430786
00436	2007-01-06T06:11:25+00:00	37.747461	-122.431226
00436	2007-01-06T06:11:29+00:00	37.747448	-122.431384
00436	2007-01-06T06:11:33+00:00	37.747310	-122.431504
00436	2007-01-06T06:11:37+00:00	37.746965	-122.431518
00436	2007-01-06T06:11:41+00:00	37.746695	-122.431496
00436	2007-01-06T06:11:45+00:00	37.746344	-122.431465
00436	2007-01-06T06:11:49+00:00	37.746000	-122.431437
00436	2007-01-06T06:11:53+00:00	37.745848	-122.431430
00436	2007-01-06T06:11:57+00:00	37.745593	-122.431406
00436	2007-01-06T06:12:01+00:00	37.745314	-122.431369
00436	2007-01-06T06:12:05+00:00	37.745169	-122.431354
00436	2007-01-06T06:12:09+00:00	37.745147	-122.431351
00436	2007-01-06T06:12:37+00:00	37.745061	-122.431388
00436	2007-01-06T06:12:41+00:00	37.745010	-122.431540